id	x	y	cluster	weight<Links>	weight<Total link strength>	weight<2000~2002 Peoples R China count>	weight<2010~2012 Peoples R China count>	weight<2017~2019 Peoples R China count>	weight<2000~2002 USA count>	weight<2010~2012 USA count>	weight<2017~2019 USA count>	score<USA ratio for 2000~2002>	score<USA ratio for 2010~2012>	score<USA ratio for 2017~2019>	weight<default>	weight<Top10 2000~2002 Peoples R China count>	weight<Top10 2010~2012 Peoples R China count>	weight<Top10 2017~2019 Peoples R China count>	weight<Top10 2000~2002 USA count>	weight<Top10 2010~2012 USA count>	weight<Top10 2017~2019 USA count>	score<Top10 USA ratio for 2000~2002>	score<Top10 USA ratio for 2010~2012>	score<Top10 USA ratio for 2017~2019>	weight<Top1 2000~2002 Peoples R China count>	weight<Top1 2010~2012 Peoples R China count>	weight<Top1 2017~2019 Peoples R China count>	weight<Top1 2000~2002 USA count>	weight<Top1 2010~2012 USA count>	weight<Top1 2017~2019 USA count>	score<Top1 USA ratio for 2000~2002>	score<Top1 USA ratio for 2010~2012>	score<Top1 USA ratio for 2017~2019>
Acoustics	-0.4346	-0.1712	6	253	34.7937	452	1391	4831	2854	3405	3349	0.863278886872353	0.709966638865721	0.409413202933985	10	45	167	504	395	341	293	0.897727272727273	0.671259842519685	0.36762860727729	8	12	51	44	40	38	0.846153846153846	0.769230769230769	0.426966292134831
Agricultural Economics & Policy	0.5142	-0.3951	1	253	36.3322	8	124	308	634	899	1133	0.987538940809969	0.878787878787879	0.786259541984733	10	3	16	29	74	103	158	0.961038961038961	0.865546218487395	0.844919786096257	0	3	3	6	10	18	1	0.769230769230769	0.857142857142857
Agricultural Engineering	-0.674	0.0629	4	253	37.5391	67	1781	4410	1194	2138	1806	0.946867565424266	0.545547333503445	0.290540540540541	10	6	241	668	92	225	129	0.938775510204082	0.482832618025751	0.161856963613551	1	26	71	10	32	16	0.909090909090909	0.551724137931035	0.183908045977012
Agriculture, Dairy & Animal Science	-0.3478	0.4839	7	253	18.6062	144	1383	3787	3390	3513	4652	0.959252971137521	0.717524509803922	0.551250148121815	10	9	126	479	556	619	724	0.984070796460177	0.830872483221477	0.601828761429759	0	13	58	61	74	86	1	0.850574712643678	0.597222222222222
Agriculture, Multidisciplinary	-0.4461	0.2165	4	253	41.9982	156	2474	5595	1485	2209	2519	0.904936014625229	0.471706171257741	0.310451072220853	10	23	395	1027	253	465	412	0.916666666666667	0.540697674418605	0.286309937456567	2	40	103	40	66	54	0.952380952380952	0.622641509433962	0.343949044585987
Agronomy	-0.5579	0.2577	4	253	28.5102	397	2532	6314	4258	4602	6162	0.914715359828142	0.645079899074853	0.493908303943572	10	75	481	1041	532	607	705	0.876441515650741	0.557904411764706	0.403780068728522	8	49	121	69	81	90	0.896103896103896	0.623076923076923	0.42654028436019
Allergy	0.0935	0.7321	2	253	33.7305	30	171	481	1621	2057	2806	0.98182919442762	0.923249551166966	0.853665956799513	10	2	22	52	226	308	439	0.991228070175439	0.933333333333333	0.894093686354379	1	6	4	27	45	60	0.964285714285714	0.882352941176471	0.9375
Anatomy & Morphology	-0.0538	0.4957	2	253	61.3917	34	420	592	1146	1567	1562	0.971186440677966	0.788626069451434	0.725162488393686	10	0	27	75	186	268	228	1	0.908474576271187	0.752475247524752	0	1	16	19	31	23	1	0.96875	0.58974358974359
Andrology	-0.037	0.6948	2	253	43.358	63	224	412	290	301	490	0.821529745042493	0.573333333333333	0.543237250554324	10	2	14	35	44	37	54	0.956521739130435	0.725490196078431	0.606741573033708	0	0	7	4	2	9	1	1	0.5625
Anesthesiology	0.3064	0.7068	2	253	24.4279	124	376	953	2951	3659	4517	0.959674796747968	0.906815365551425	0.825776965265082	10	14	42	81	432	520	622	0.968609865470852	0.925266903914591	0.884779516358464	2	1	1	43	60	76	0.955555555555556	0.983606557377049	0.987012987012987
Anthropology	0.5369	-0.1205	1	253	35.5728	90	202	375	2727	3663	4003	0.968051118210863	0.947736093143596	0.914344449520329	10	11	33	45	400	520	510	0.97323600973236	0.940325497287523	0.918918918918919	0	5	3	44	53	57	1	0.913793103448276	0.95
Archaeology	0.3578	-0.2665	1	253	19.9436	14	93	317	1129	1635	2531	0.987751531058618	0.946180555555556	0.888693820224719	10	3	26	55	156	219	338	0.981132075471698	0.893877551020408	0.860050890585242	0	1	3	16	15	29	1	0.9375	0.90625
Architecture	0.4591	-0.381	1	253	25.8696	7	72	299	630	654	845	0.989010989010989	0.900826446280992	0.738636363636364	10	2	22	68	186	109	124	0.98936170212766	0.83206106870229	0.645833333333333	0	2	5	28	13	9	1	0.866666666666667	0.642857142857143
Area Studies	0.9797	-0.4165	1	253	33.2527	84	317	584	1367	1755	1968	0.9421088904204	0.847007722007722	0.771159874608151	10	17	69	99	164	215	218	0.906077348066298	0.757042253521127	0.687697160883281	5	10	15	23	31	29	0.821428571428571	0.75609756097561	0.659090909090909
Art	0.9141	-0.402	1	253	13.8086	19	64	197	1253	1453	1569	0.985062893081761	0.957811470006592	0.888448471121178	10	3	21	54	340	178	92	0.991253644314869	0.894472361809045	0.63013698630137	0	0	5	25	16	7	1	1	0.583333333333333
Asian Studies	1.0504	-0.4079	1	253	20.6794	65	280	461	642	954	1029	0.908062234794908	0.773095623987034	0.690604026845638	10	14	18	44	109	134	118	0.886178861788618	0.881578947368421	0.728395061728395	1	4	4	13	12	14	0.928571428571429	0.75	0.777777777777778
Astronomy & Astrophysics	-0.8889	-0.4213	3	253	8.719	1943	4709	9359	18341	23883	26717	0.904210214947742	0.835303581421377	0.740575451823927	10	80	392	894	2842	3700	3953	0.972621492128679	0.904203323558162	0.815556014029296	9	50	110	317	417	475	0.97239263803681	0.892933618843683	0.811965811965812
Audiology & Speech-Language Pathology	0.1177	0.0465	5	253	30.1581	112	274	675	2616	3469	4135	0.958944281524927	0.926796687149345	0.85966735966736	10	7	16	57	288	387	456	0.976271186440678	0.96029776674938	0.888888888888889	0	1	9	35	42	46	1	0.976744186046512	0.836363636363636
Automation & Control Systems	-0.5865	-0.6057	6	253	34.8438	703	4694	17065	2816	3265	5274	0.800227337311736	0.41022741550446	0.236089350463315	10	73	599	2403	439	511	639	0.857421875	0.46036036036036	0.210059171597633	6	65	299	58	73	58	0.90625	0.528985507246377	0.162464985994398
Behavioral Sciences	0.1672	0.3115	5	253	57.7596	47	518	1486	4604	7214	8291	0.989894646312621	0.933005690636316	0.848010637209778	10	1	50	165	499	807	938	0.998	0.941656942823804	0.850407978241161	0	3	11	63	86	97	1	0.966292134831461	0.898148148148148
Biochemical Research Methods	-0.4909	0.3776	7	253	64.6547	934	6117	9136	9217	15858	14095	0.907989360654123	0.721638225255973	0.606732383453145	10	51	508	962	1060	2132	1827	0.954095409540954	0.807575757575758	0.655073503047687	4	33	105	131	274	253	0.97037037037037	0.892508143322475	0.706703910614525
Biochemistry & Molecular Biology	-0.4	0.5229	7	253	65.5863	4213	21613	44590	57265	53821	45066	0.931471420670809	0.71348463557547	0.5026545908807	10	126	1486	4742	8095	8319	6952	0.98467339739691	0.848444671086181	0.594492902343082	12	107	373	898	1039	1042	0.986813186813187	0.906631762652705	0.736395759717315
Biodiversity Conservation	-0.3794	0.1173	4	253	42.1708	53	545	2166	2915	4844	6762	0.982142857142857	0.898868064575988	0.75739247311828	10	4	75	376	262	552	766	0.984962406015038	0.880382775119617	0.670753064798599	0	6	51	30	69	99	1	0.92	0.66
Biology	-0.2632	0.3148	4	253	86.0104	444	2249	6213	6463	8813	13499	0.935717388156942	0.796691375881396	0.684811282467532	10	16	171	655	884	1572	2182	0.982222222222222	0.901893287435456	0.769122312301727	0	17	71	97	177	234	1	0.912371134020619	0.767213114754098
Biophysics	-0.4353	0.4518	7	253	68.7041	1778	4908	9497	10322	11180	9231	0.853057851239669	0.694927896568871	0.49289833404528	10	55	573	1573	1429	1432	828	0.962938005390836	0.714214463840399	0.344856309870887	3	50	148	169	172	110	0.982558139534884	0.774774774774775	0.426356589147287
Biotechnology & Applied Microbiology	-0.4615	0.4131	7	253	63.6057	984	12059	27189	11974	17422	16129	0.924062355301744	0.590956887486856	0.372339443187589	10	84	1240	3352	1794	2878	2208	0.955271565495208	0.698882952889752	0.397122302158273	4	97	287	214	425	392	0.981651376146789	0.814176245210728	0.577319587628866
Business	0.6247	-0.4251	1	253	26.2041	193	846	2822	4382	6622	8277	0.957814207650273	0.886716657739689	0.745742859717092	10	22	108	313	701	1025	972	0.969571230982019	0.904677846425419	0.756420233463035	1	14	28	82	123	112	0.987951807228916	0.897810218978102	0.8
Business, Finance	0.6648	-0.5258	1	253	23.7161	124	635	2066	2816	5043	5873	0.957823129251701	0.888164846777034	0.73976571356594	10	35	102	253	651	801	747	0.948979591836735	0.887043189368771	0.747	6	15	24	71	93	74	0.922077922077922	0.861111111111111	0.755102040816326
Cardiac & Cardiovascular Systems	0.2392	0.7888	2	253	29.2153	316	2492	5554	14415	19557	23638	0.978548638924716	0.886979001315252	0.809742395176761	10	27	180	503	2010	2898	3501	0.986745213549337	0.941520467836257	0.874375624375624	2	5	47	204	315	406	0.990291262135922	0.984375	0.896247240618102
Cell & Tissue Engineering	-0.1998	0.5322	2	253	73.4916	7	600	2823	407	2439	3125	0.983091787439614	0.802566633761106	0.525386684599866	10	0	53	263	51	359	460	1	0.871359223300971	0.636237897648686	0	5	21	7	38	55	1	0.883720930232558	0.723684210526316
Cell Biology	-0.2868	0.5761	7	253	66.8067	818	8303	31896	25538	28748	31262	0.968963423888299	0.775903484386386	0.494980841698597	10	23	514	2733	3694	4540	5440	0.993812214151197	0.898298377522754	0.665606264529549	5	48	163	404	532	740	0.987775061124694	0.917241379310345	0.819490586932447
Chemistry, Analytical	-0.768	0.1386	3	253	35.8608	3811	13560	30306	9055	11213	11871	0.703792942639515	0.452629879304081	0.281456718116509	10	252	1765	4310	1356	1435	1183	0.843283582089552	0.4484375	0.215365010012744	24	202	459	189	191	137	0.887323943661972	0.486005089058524	0.229865771812081
Chemistry, Applied	-0.8333	0.142	3	253	57.7543	1305	8478	20029	3669	4578	4888	0.737635705669481	0.350643382352941	0.196171288678412	10	84	924	2606	454	588	475	0.843866171003718	0.388888888888889	0.154170723790977	7	77	273	65	71	52	0.902777777777778	0.47972972972973	0.16
Chemistry, Inorganic & Nuclear	-1.0621	8e-04	3	253	29.8784	2767	9599	12239	5436	5191	4802	0.662684383762038	0.350980392156863	0.281790974708057	10	277	919	1866	820	756	458	0.747493163172288	0.45134328358209	0.197074010327022	39	99	255	96	78	35	0.711111111111111	0.440677966101695	0.120689655172414
Chemistry, Medicinal	-0.4886	0.4818	7	253	56.629	588	6889	11550	4669	9335	7937	0.88814913448735	0.575382149901381	0.407297172473957	10	48	625	1317	595	1224	1097	0.925349922239502	0.66197944835046	0.454432477216239	2	30	104	73	162	152	0.973333333333333	0.84375	0.59375
Chemistry, Multidisciplinary	-0.9511	0.0486	3	253	48.7033	8679	33130	80117	15635	28391	38521	0.643045159167558	0.46148469628257	0.324693605758695	10	357	3788	12567	3365	5786	6452	0.904083825900054	0.604345101316064	0.33923970766076	40	470	1644	392	670	672	0.907407407407407	0.587719298245614	0.290155440414508
Chemistry, Organic	-0.9836	0.1462	3	253	25.2335	2557	10429	17944	10462	10553	7524	0.803594746140256	0.502954913735583	0.29542955866185	10	244	1571	2726	1623	1219	681	0.869309051955008	0.436917562724014	0.199882594658057	23	157	283	213	106	76	0.902542372881356	0.403041825095057	0.211699164345404
Chemistry, Physical	-1.0513	-0.1151	3	253	48.7298	6349	33800	78729	20075	32984	38761	0.759726006660612	0.493890752275994	0.32990892841944	10	552	4289	13322	3093	5385	5212	0.848559670781893	0.556646681827579	0.281212906010575	43	484	1538	393	709	631	0.901376146788991	0.594300083822297	0.290917473490088
Classics	1.1383	-0.4354	1	253	5.5074	0	2	20	633	584	667	1	0.996587030716723	0.970887918486172	10	0	0	2	117	96	87	1	1	0.97752808988764	0	0	0	8	7	6	1	1	1
Clinical Neurology	0.3358	0.5833	2	253	44.0681	345	3334	9458	15691	25669	33093	0.978485906709903	0.885046374512981	0.777725552865973	10	23	237	729	2314	3811	4663	0.990158322635858	0.941452569169961	0.864799703264095	2	23	63	252	442	571	0.992125984251969	0.950537634408602	0.900630914826498
Communication	0.8746	-0.2682	1	253	26.1797	44	249	621	2210	3958	5797	0.980479148181012	0.94081293082957	0.903240885010907	10	3	12	41	272	512	612	0.989090909090909	0.977099236641221	0.937212863705972	0	0	3	26	57	59	1	1	0.951612903225806
Computer Science, Artificial Intelligence	-0.3486	-0.5131	6	253	37.0828	794	6185	19074	4973	5122	6787	0.862320097104214	0.452993720703989	0.262441514249256	10	99	883	2787	769	685	818	0.88594470046083	0.436862244897959	0.226907073509015	6	92	283	108	91	115	0.947368421052632	0.497267759562842	0.28894472361809
Computer Science, Cybernetics	-0.1433	-0.4214	6	253	52.6664	126	578	1861	687	853	963	0.845018450184502	0.596086652690426	0.34100566572238	10	15	111	450	122	112	76	0.89051094890511	0.502242152466368	0.144486692015209	0	16	45	14	11	3	1	0.407407407407407	0.0625
Computer Science, Hardware & Architecture	-0.527	-0.6366	6	253	34.0626	476	1865	5159	3453	3849	4473	0.878849580045813	0.673608680434022	0.464389534883721	10	39	281	920	545	542	491	0.933219178082192	0.658566221142163	0.347980155917789	1	39	108	59	63	57	0.983333333333333	0.617647058823529	0.345454545454545
Computer Science, Information Systems	-0.3681	-0.5649	6	253	39.3336	719	5475	35927	6052	8186	13175	0.893811844631517	0.599224068516214	0.268319009408985	10	81	495	3833	997	1235	1821	0.924860853432282	0.713872832369942	0.322072868765476	9	45	414	122	163	219	0.931297709923664	0.783653846153846	0.345971563981043
Computer Science, Interdisciplinary Applications	-0.3711	-0.3401	6	253	73.9263	779	4778	12481	6023	9106	11480	0.885474860335196	0.655862863728032	0.479111890154835	10	64	437	1760	826	1167	1345	0.928089887640449	0.727556109725686	0.43317230273752	7	33	211	95	157	153	0.931372549019608	0.826315789473684	0.42032967032967
Computer Science, Software Engineering	-0.3801	-0.6043	6	253	26.672	843	3493	8997	5731	5744	6210	0.871767569212048	0.62184691999567	0.408364568948511	10	62	358	1101	919	774	882	0.936799184505606	0.683745583038869	0.444780635400908	3	33	130	110	103	118	0.973451327433628	0.757352941176471	0.475806451612903
Computer Science, Theory & Methods	-0.3885	-0.5942	6	253	33.493	1047	2834	10400	7352	4848	6114	0.875342302655078	0.631085654777402	0.37023131888095	10	106	454	1567	1107	639	730	0.912613355317395	0.584629460201281	0.317805833696125	6	57	167	125	76	87	0.954198473282443	0.571428571428571	0.34251968503937
Construction & Building Technology	-0.7627	-0.4222	3	253	28.2948	423	2063	11424	1672	3008	5670	0.798090692124105	0.593176888187734	0.331695331695332	10	48	225	1334	163	359	625	0.772511848341232	0.61472602739726	0.319040326697295	2	14	139	14	40	75	0.875	0.740740740740741	0.350467289719626
Criminology & Penology	0.8732	-0.0791	1	253	22.6622	14	59	200	1192	2707	4457	0.988391376451078	0.978669558929863	0.957053897358815	10	1	7	15	180	383	542	0.994475138121547	0.982051282051282	0.973070017953321	0	1	0	21	39	59	1	0.975	1
Critical Care Medicine	0.3	0.7502	2	253	43.8348	153	667	889	4679	6322	7000	0.968336092715232	0.904564315352697	0.887311446317657	10	18	40	112	528	751	888	0.967032967032967	0.949431099873578	0.888	1	1	17	58	97	110	0.983050847457627	0.989795918367347	0.866141732283465
Crystallography	-1.0625	-0.0356	3	253	34.3417	1840	8993	6016	2547	2840	2219	0.580578983359927	0.240006760753824	0.269459623557984	10	157	1069	658	407	434	249	0.721631205673759	0.288755821689953	0.274531422271224	8	119	94	60	57	29	0.882352941176471	0.323863636363636	0.235772357723577
Cultural Studies	1.0552	-0.3834	1	253	43.4885	16	57	165	566	1193	1439	0.972508591065292	0.9544	0.89713216957606	10	2	3	13	52	111	134	0.962962962962963	0.973684210526316	0.91156462585034	0	0	2	4	11	15	1	1	0.882352941176471
Dance	1.0439	-0.2888	1	253	15.6252	0	0	2	74	83	78	1	1	0.975	10	0	0	2	28	30	21	1	1	0.91304347826087	0	0	2	5	3	2	1	1	0.5
Demography	0.7547	-0.2076	1	253	37.6345	18	55	131	706	963	1193	0.975138121546961	0.945972495088409	0.901057401812689	10	5	7	17	103	118	137	0.953703703703704	0.944	0.88961038961039	0	0	1	9	17	10	1	1	0.909090909090909
Dentistry, Oral Surgery & Medicine	0.0294	0.6198	2	253	12.5832	289	1636	2694	4236	5629	6566	0.936132596685083	0.774810736407433	0.709071274298056	10	33	198	323	492	786	841	0.937142857142857	0.798780487804878	0.722508591065292	5	21	47	58	106	118	0.920634920634921	0.834645669291339	0.715151515151515
Dermatology	0.056	0.7321	2	253	22.7492	137	818	1341	4362	6028	7183	0.969548788619693	0.880514168857727	0.842679493195683	10	5	69	145	596	816	978	0.991680532445923	0.922033898305085	0.870881567230632	0	8	7	79	109	134	1	0.931623931623932	0.950354609929078
Development Studies	0.6843	-0.4185	1	253	42.0415	43	198	570	973	1560	2050	0.957677165354331	0.887372013651877	0.782442748091603	10	5	36	99	136	176	184	0.964539007092199	0.830188679245283	0.65017667844523	0	4	11	13	26	23	1	0.866666666666667	0.676470588235294
Developmental Biology	-0.2376	0.4925	7	253	54.7178	148	637	1205	5398	5614	4484	0.973314100252434	0.898096304591265	0.788187730708385	10	6	50	136	786	776	637	0.992424242424242	0.939467312348668	0.824062095730919	0	9	7	87	87	67	1	0.90625	0.905405405405405
Ecology	-0.4028	0.1292	4	253	41.926	382	2870	6908	11526	18293	22626	0.967920725562647	0.864385956622407	0.76610008803413	10	28	305	785	1491	2326	2824	0.981566820276498	0.884074496389206	0.782488223884733	4	31	111	162	272	353	0.975903614457831	0.897689768976898	0.760775862068966
Economics	0.6514	-0.4961	1	253	31.737	473	2469	7071	11913	18800	21627	0.961811722912966	0.883915557854154	0.753606523102655	10	66	359	1198	1794	2816	2679	0.964516129032258	0.886929133858268	0.690998194480268	7	27	130	212	358	305	0.968036529680365	0.92987012987013	0.701149425287356
Education & Educational Research	0.8418	-0.1647	1	253	21.4862	165	782	2651	6032	9478	13860	0.97337421332903	0.923781676413255	0.83944037308461	10	17	87	322	690	1286	1504	0.975954738330976	0.936635105608157	0.823658269441402	0	8	31	73	143	144	1	0.947019867549669	0.822857142857143
Education, Scientific Disciplines	0.0664	0.103	2	253	48.4518	63	149	451	3322	4966	6340	0.981388478581979	0.970869990224829	0.933588573111471	10	6	12	51	318	553	706	0.981481481481481	0.978761061946903	0.932628797886394	0	0	3	35	65	85	1	1	0.965909090909091
Education, Special	0.7537	0.1636	5	253	26.3752	18	74	127	1560	2275	2463	0.988593155893536	0.968497232865049	0.950965250965251	10	0	6	7	149	267	282	1	0.978021978021978	0.975778546712803	0	0	0	12	32	35	1	1	1
Electrochemistry	-1.0651	-0.1536	3	253	39.8915	725	8132	20418	2282	4797	5301	0.758895909544397	0.371026374816304	0.206112212760994	10	49	1199	2608	396	674	686	0.889887640449438	0.359850507207688	0.208257437765635	2	107	253	50	98	130	0.961538461538461	0.478048780487805	0.339425587467363
Emergency Medicine	0.381	0.7245	2	253	40.9431	28	301	437	2163	3735	4811	0.987220447284345	0.925421209117939	0.916730182926829	10	1	16	54	279	472	569	0.996428571428572	0.967213114754098	0.913322632423756	0	2	9	27	55	69	1	0.964912280701754	0.884615384615385
Endocrinology & Metabolism	0.0257	0.6595	2	253	47.271	435	3304	7505	12512	16653	16584	0.966401482969028	0.834444054717643	0.688447009008261	10	26	253	776	1759	2496	2552	0.985434173669468	0.907966533284831	0.766826923076923	1	18	74	191	304	328	0.994791666666667	0.944099378881988	0.81592039800995
Energy & Fuels	-0.81	-0.3043	3	253	46.0953	737	10721	48635	3866	9312	18333	0.839887030197697	0.464833025507912	0.273757615577589	10	75	1210	6753	520	1411	2477	0.873949579831933	0.538344143456696	0.268364030335861	3	117	732	62	183	409	0.953846153846154	0.61	0.358457493426819
Engineering, Aerospace	-0.7557	-0.4816	3	253	20.3509	170	1196	5230	3204	2804	3378	0.949614700652045	0.701	0.392425650557621	10	24	157	750	785	345	307	0.970333745364648	0.687250996015936	0.290444654683065	0	16	64	95	38	33	1	0.703703703703704	0.34020618556701
Engineering, Biomedical	-0.2207	0.3093	2	253	60.1459	346	3267	8722	4465	9993	11566	0.9280814799418	0.753619909502262	0.570090694006309	10	46	587	1353	561	1315	1447	0.924217462932455	0.691377497371188	0.516785714285714	3	85	164	68	135	167	0.957746478873239	0.613636363636364	0.504531722054381
Engineering, Chemical	-0.9549	-0.161	3	253	39.3315	2316	14171	42965	8075	9497	14715	0.777114810894043	0.401259083995268	0.255114424410541	10	240	1822	7194	1138	1429	1749	0.825834542815675	0.439557059366349	0.195571955719557	23	204	841	133	213	206	0.852564102564103	0.510791366906475	0.196752626552053
Engineering, Civil	-0.651	-0.4298	3	253	32.4555	940	4177	21478	5543	9282	13326	0.855005398735153	0.689650048294821	0.382887024479945	10	115	576	2686	577	920	1247	0.833815028901734	0.614973262032086	0.317060767861683	8	58	309	68	112	155	0.894736842105263	0.658823529411765	0.334051724137931
Engineering, Electrical & Electronic	-0.6889	-0.6096	6	253	35.8075	4206	24153	89397	23514	27887	35298	0.848268398268398	0.535876249039201	0.283074702273547	10	377	2833	10919	3659	4177	5334	0.906590683845391	0.59586305278174	0.328185565741709	25	304	1343	450	573	655	0.947368421052632	0.653363740022805	0.327827827827828
Engineering, Environmental	-0.6809	-0.1013	4	253	46.3957	647	6360	21234	4494	6311	9644	0.874148998249368	0.49806645095099	0.312325927845068	10	81	951	3611	562	777	861	0.87402799377916	0.449652777777778	0.192531305903399	5	99	391	57	97	75	0.919354838709677	0.494897959183674	0.160944206008584
Engineering, Geological	-0.7474	-0.3542	4	253	21.3917	242	933	5297	869	1346	2364	0.782178217821782	0.590609916630101	0.308575903928991	10	39	158	813	102	123	205	0.723404255319149	0.437722419928826	0.201375245579568	5	14	101	14	12	23	0.736842105263158	0.461538461538462	0.185483870967742
Engineering, Industrial	-0.1531	-0.459	6	253	42.9001	673	1503	4726	2732	3026	3900	0.802349486049927	0.668138661956282	0.452121493160213	10	61	181	705	307	289	381	0.834239130434783	0.614893617021277	0.350828729281768	4	16	90	34	33	46	0.894736842105263	0.673469387755102	0.338235294117647
Engineering, Manufacturing	-0.6705	-0.5023	3	253	41.1178	893	2223	8433	2307	2580	3904	0.7209375	0.537164272329794	0.31644646186269	10	54	247	842	280	322	543	0.838323353293413	0.565905096660809	0.392057761732852	1	21	101	32	47	65	0.96969696969697	0.691176470588235	0.391566265060241
Engineering, Marine	-0.6762	-0.4566	3	253	33.9928	20	191	1956	152	255	425	0.883720930232558	0.571748878923767	0.178496430071399	10	10	33	249	46	37	29	0.821428571428571	0.528571428571429	0.10431654676259	0	3	24	5	7	3	1	0.7	0.111111111111111
Engineering, Mechanical	-0.8697	-0.4764	3	253	34.5871	1840	7234	28340	7370	8403	10885	0.800217155266015	0.537379292703204	0.277501593371574	10	168	789	3396	1077	1124	1160	0.865060240963856	0.587558808154731	0.254609306409131	22	67	365	133	157	130	0.858064516129032	0.700892857142857	0.262626262626263
Engineering, Multidisciplinary	-0.636	-0.4765	6	253	62.6895	961	5754	17770	4082	4369	6573	0.809438826095578	0.431591425466759	0.27001602103274	10	68	493	1991	546	744	837	0.889250814332248	0.601455133387227	0.295968882602546	6	35	235	71	108	90	0.922077922077922	0.755244755244755	0.276923076923077
Engineering, Ocean	-0.669	-0.3521	4	253	35.1623	192	410	2202	892	895	1091	0.822878228782288	0.685823754789272	0.331308836926814	10	5	28	265	122	103	84	0.960629921259842	0.786259541984733	0.240687679083095	0	4	28	19	12	7	1	0.75	0.2
Engineering, Petroleum	-0.8733	-0.2621	3	253	32.2859	106	931	2865	1311	994	1576	0.925194071983063	0.516363636363636	0.354875028146814	10	10	84	410	246	175	224	0.9609375	0.675675675675676	0.353312302839117	0	11	47	26	28	30	1	0.717948717948718	0.38961038961039
Entomology	-0.4119	0.3103	4	253	21.2725	245	1666	3081	5222	5616	5794	0.955185659411011	0.771216698709146	0.652845070422535	10	21	229	427	597	702	731	0.966019417475728	0.754027926960258	0.63126079447323	1	26	52	58	82	90	0.983050847457627	0.759259259259259	0.633802816901409
Environmental Sciences	-0.467	-0.0362	4	253	49.5042	1917	14831	59612	15571	25824	41615	0.89038197621226	0.635198622555651	0.411105732660259	10	220	2059	8656	1986	3636	4977	0.900271985494107	0.638454784899034	0.365070050612484	24	205	965	236	443	549	0.907692307692308	0.683641975308642	0.362615587846764
Environmental Studies	0.28	-0.3192	1	253	56.1749	105	906	8310	2142	4850	9353	0.953271028037383	0.842599027102154	0.529524995753836	10	15	174	957	222	517	1162	0.936708860759494	0.748191027496382	0.548371873525248	2	12	108	28	69	180	0.933333333333333	0.851851851851852	0.625
Ergonomics	0.2794	-0.1111	5	253	53.4543	63	185	542	663	1053	1411	0.913223140495868	0.850565428109855	0.722478238607271	10	4	27	93	82	133	179	0.953488372093023	0.83125	0.658088235294118	0	1	12	9	16	15	1	0.941176470588235	0.555555555555556
Ethics	0.6715	-0.0882	1	253	52.9238	22	102	260	1682	2448	2763	0.987089201877934	0.96	0.913992722461131	10	4	21	85	192	239	252	0.979591836734694	0.919230769230769	0.747774480712166	0	4	11	23	25	17	1	0.862068965517241	0.607142857142857
Ethnic Studies	0.9811	-0.23	1	253	46.3296	1	10	29	355	934	1412	0.997191011235955	0.989406779661017	0.979875086745316	10	0	0	3	27	90	138	1	1	0.978723404255319	0	0	0	4	12	10	1	1	1
Evolutionary Biology	-0.3401	0.2618	4	253	53.7485	137	1117	1959	4043	6888	8186	0.967224880382775	0.860462211118051	0.806899950714638	10	11	75	239	517	863	1092	0.979166666666667	0.920042643923241	0.820435762584523	1	5	33	59	95	128	0.983333333333333	0.95	0.795031055900621
Family Studies	0.8438	0.0762	5	253	41.8123	29	96	384	2418	4038	5730	0.988148753575807	0.97677793904209	0.937193326790972	10	3	5	44	278	498	634	0.98932384341637	0.990059642147117	0.935103244837758	0	0	4	30	48	70	1	1	0.945945945945946
Film, Radio, Television	1.1266	-0.3901	1	253	14.6822	6	16	31	597	647	727	0.990049751243781	0.975867269984917	0.95910290237467	10	2	4	5	174	145	120	0.988636363636364	0.973154362416107	0.96	0	0	1	21	20	9	1	1	0.9
Fisheries	-0.4202	0.2291	4	253	23.4279	135	1493	4321	2883	3573	3904	0.955268389662028	0.705290169759179	0.474650455927052	10	17	236	613	363	403	380	0.955263157894737	0.630672926447574	0.382678751258812	1	20	44	38	44	40	0.974358974358974	0.6875	0.476190476190476
Folklore	1.0308	-0.3496	1	253	14.4724	1	2	15	155	154	170	0.993589743589744	0.987179487179487	0.918918918918919	10	1	1	1	48	50	31	0.979591836734694	0.980392156862745	0.96875	0	0	0	5	6	3	1	1	1
Food Science & Technology	-0.508	0.3527	7	253	30.1801	340	6540	20970	6095	8650	10855	0.947163947163947	0.569453587886768	0.341084053417125	10	48	856	3093	740	993	1165	0.939086294416244	0.53704705246079	0.273602630342884	5	79	341	85	124	114	0.944444444444444	0.610837438423645	0.250549450549451
Forestry	-0.4601	0.0664	4	253	24.5455	102	782	3231	2405	3262	4366	0.959313921021141	0.806627101879327	0.574700539686718	10	12	105	465	315	422	537	0.963302752293578	0.800759013282733	0.535928143712575	1	18	56	43	54	73	0.977272727272727	0.75	0.565891472868217
Gastroenterology & Hepatology	0.0947	0.7748	2	253	31.5316	871	3608	5092	6504	9395	10875	0.881898305084746	0.722525571022072	0.681092252771341	10	40	296	508	988	1468	1607	0.961089494163424	0.832199546485261	0.759810874704492	3	21	70	111	174	185	0.973684210526316	0.892307692307692	0.725490196078431
Genetics & Heredity	-0.259	0.4791	7	253	60.4493	731	5755	15292	17254	21733	21796	0.959355018070614	0.790635913853318	0.587683347713546	10	67	482	1481	2471	3333	3293	0.973601260835303	0.873656618610747	0.689777963971512	4	54	149	279	406	418	0.985865724381626	0.882608695652174	0.737213403880071
Geochemistry & Geophysics	-0.6968	-0.2198	4	253	24.0652	793	3525	9701	6281	8315	10000	0.887899349731411	0.702280405405405	0.50758844728694	10	120	436	1203	824	1136	1353	0.872881355932204	0.72264631043257	0.529342723004695	27	49	179	80	123	126	0.747663551401869	0.715116279069768	0.413114754098361
Geography	0.5106	-0.3474	1	253	32.1426	70	385	1147	1285	2515	3307	0.948339483394834	0.867241379310345	0.742478670857656	10	9	63	212	143	289	407	0.94078947368421	0.821022727272727	0.65751211631664	3	6	29	20	34	56	0.869565217391304	0.85	0.658823529411765
Geography, Physical	-0.4669	-0.1453	4	253	43.2251	233	1473	5408	1831	3707	5071	0.887112403100775	0.715637065637066	0.483920221395171	10	33	197	612	224	478	614	0.8715953307393	0.708148148148148	0.500815660685155	7	18	72	24	54	65	0.774193548387097	0.75	0.474452554744526
Geology	-0.6354	-0.1653	4	253	26.0701	390	1356	2809	1392	1449	1738	0.781144781144781	0.516577540106952	0.382230041785793	10	41	166	362	223	281	304	0.84469696969697	0.628635346756152	0.456456456456457	5	17	50	17	34	37	0.772727272727273	0.666666666666667	0.425287356321839
Geosciences, Multidisciplinary	-0.6234	-0.1989	4	253	35.6159	1471	6669	20540	9230	13629	18931	0.862536211569012	0.671445462607153	0.479617947353753	10	164	914	2827	1297	2000	2659	0.887748117727584	0.686341798215511	0.484688297484506	29	84	318	155	235	306	0.842391304347826	0.736677115987461	0.490384615384615
Geriatrics & Gerontology	0.2785	0.5332	2	253	70.2777	48	548	2733	3175	5058	6603	0.985107043127521	0.902247591865858	0.707262210796915	10	0	51	371	450	694	785	1	0.931543624161074	0.679065743944637	0	5	40	51	77	92	1	0.939024390243902	0.696969696969697
Gerontology	0.5744	0.3822	5	253	47.7691	47	166	524	2959	3512	4671	0.984364604125083	0.954866775421425	0.899133782483157	10	1	10	55	362	445	564	0.997245179063361	0.978021978021978	0.911147011308562	0	1	7	37	50	70	1	0.980392156862745	0.909090909090909
Green & Sustainable Science & Technology	-0.4995	-0.2609	3	253	61.2607	61	1307	16664	94	1477	6806	0.606451612903226	0.530531609195402	0.289987217724755	10	4	166	2327	19	233	744	0.826086956521739	0.583959899749373	0.242266362748291	1	11	234	4	23	77	0.8	0.676470588235294	0.247588424437299
Health Care Sciences & Services	0.4555	0.4821	2	253	60.1719	86	424	2093	6334	10629	16063	0.986604361370716	0.961639373925631	0.884721304252038	10	6	40	221	726	1273	1987	0.991803278688525	0.969535415079969	0.899909420289855	0	2	25	78	148	232	1	0.986666666666667	0.90272373540856
Health Policy & Services	0.5374	0.379	2	253	59.5827	42	233	698	4321	7444	10540	0.990373596149438	0.969649602709392	0.937889304146645	10	4	23	64	475	913	1251	0.991649269311065	0.97542735042735	0.951330798479087	0	1	6	51	109	153	1	0.990909090909091	0.962264150943396
Hematology	-0.0138	0.737	2	253	40.1184	321	1754	3040	9222	12235	12608	0.966362779000314	0.874615769533205	0.805725971370143	10	16	150	374	1339	1781	1896	0.988191881918819	0.922320041429311	0.835242290748899	0	8	33	141	204	236	1	0.962264150943396	0.87732342007435
History	1.1388	-0.4425	1	253	22.4663	22	154	277	4053	4947	5582	0.994601226993865	0.969809841207606	0.952722307561017	10	6	12	19	765	729	610	0.992217898832685	0.983805668016194	0.969793322734499	2	1	4	91	85	73	0.978494623655914	0.988372093023256	0.948051948051948
History & Philosophy Of Science	0.4311	-0.1903	1	253	36.1455	8	42	107	1280	2038	2289	0.993788819875776	0.979807692307692	0.95534223706177	10	0	4	21	138	272	271	1	0.985507246376812	0.928082191780822	0	0	2	16	31	27	1	1	0.931034482758621
History Of Social Sciences	0.8902	-0.4068	1	253	44.8277	5	24	53	574	851	807	0.991364421416235	0.972571428571429	0.938372093023256	10	0	6	6	61	85	81	1	0.934065934065934	0.931034482758621	0	0	1	11	11	13	1	1	0.928571428571429
Horticulture	-0.5628	0.3379	4	253	24.3502	203	1236	2483	2013	2214	2258	0.908393501805054	0.641739130434783	0.476270828939042	10	37	222	431	201	269	230	0.84453781512605	0.54786150712831	0.347957639939486	3	28	51	27	23	26	0.9	0.450980392156863	0.337662337662338
Hospitality, Leisure, Sport & Tourism	0.7091	-0.3018	1	253	32.6114	24	399	1304	563	1706	3132	0.959114139693356	0.810451306413302	0.706041478809739	10	4	64	221	46	149	318	0.92	0.699530516431925	0.589981447124304	0	4	27	7	18	33	1	0.818181818181818	0.55
Humanities, Multidisciplinary	1.065	-0.3863	1	253	41.4353	6	48	216	1883	2907	3166	0.996823716251985	0.983756345177665	0.936132465996452	10	0	13	60	401	418	365	1	0.969837587006961	0.858823529411765	0	2	5	50	53	51	1	0.963636363636364	0.910714285714286
Imaging Science & Photographic Technology	-0.5673	-0.4081	6	253	43.1744	177	1420	6932	1687	2561	3581	0.905042918454936	0.643305702084903	0.340625891753068	10	10	124	735	239	364	525	0.959839357429719	0.745901639344262	0.416666666666667	1	7	74	28	44	65	0.96551724137931	0.862745098039216	0.467625899280576
Immunology	-0.1155	0.6519	2	253	51.6326	517	5172	13517	22924	23800	26667	0.977944626935711	0.821482810989921	0.663622337248656	10	26	334	1300	3240	3629	3868	0.99203919167177	0.915720413827908	0.748452012383901	1	21	106	365	435	482	0.997267759562842	0.953947368421053	0.819727891156463
Industrial Relations & Labor	0.7577	-0.4073	1	253	33.9492	18	57	168	923	779	857	0.980871413390011	0.931818181818182	0.83609756097561	10	3	9	28	113	94	114	0.974137931034483	0.912621359223301	0.802816901408451	0	0	3	14	13	13	1	1	0.8125
Infectious Diseases	0.0856	0.6067	2	253	52.9509	191	1740	4214	9486	12889	16656	0.980262478040715	0.881058172123863	0.798083373263057	10	23	172	396	1297	1867	2151	0.982575757575758	0.915644923982344	0.84452296819788	1	15	56	164	215	255	0.993939393939394	0.934782608695652	0.819935691318328
Information Science & Library Science	0.3521	-0.2491	1	253	24.8667	132	611	1616	3771	4126	4711	0.966179861644889	0.871015410597425	0.744586691955113	10	33	88	244	423	543	450	0.927631578947368	0.86053882725832	0.648414985590778	8	7	24	52	64	44	0.866666666666667	0.901408450704225	0.647058823529412
Instruments & Instrumentation	-0.8254	-0.3973	3	253	54.0558	1060	5710	23394	6022	8223	9677	0.850324767014967	0.590181583291466	0.292612863233649	10	118	800	3113	851	991	915	0.878224974200206	0.553322166387493	0.227159880834161	12	68	379	121	130	110	0.909774436090226	0.656565656565657	0.224948875255624
Integrative & Complementary Medicine	0.0125	0.5601	2	253	73.2439	142	2394	4353	504	1248	1295	0.780185758513932	0.342668863261944	0.229284702549575	10	12	227	490	33	91	127	0.733333333333333	0.286163522012579	0.205834683954619	0	16	61	2	11	15	1	0.407407407407407	0.197368421052632
International Relations	0.857	-0.4127	1	253	25.5074	52	249	712	2003	3057	3781	0.974695863746959	0.924682395644283	0.841531270865791	10	2	15	63	306	407	440	0.993506493506494	0.964454976303318	0.874751491053678	0	1	10	32	49	50	1	0.98	0.833333333333333
Language & Linguistics	1.0469	-0.3147	1	253	17.261	39	394	1029	1518	2876	3303	0.97495183044316	0.879510703363914	0.762465373961219	10	6	53	181	269	412	439	0.978181818181818	0.886021505376344	0.708064516129032	1	7	21	28	41	60	0.96551724137931	0.854166666666667	0.740740740740741
Law	0.8495	-0.2647	1	253	13.103	31	294	493	5906	6936	7300	0.994778507663803	0.959336099585062	0.93673809829334	10	0	17	32	745	891	810	1	0.981277533039648	0.961995249406176	0	2	2	83	104	98	1	0.981132075471698	0.98
Limnology	-0.5355	0.0051	4	253	42.35	56	784	1196	1624	2140	2341	0.966666666666667	0.73187414500684	0.661860333616059	10	1	33	94	213	308	386	0.995327102803738	0.903225806451613	0.804166666666667	1	2	12	20	31	47	0.952380952380952	0.939393939393939	0.796610169491525
Linguistics	0.9084	-0.197	1	253	20.8971	77	518	1423	2550	4456	5882	0.970688998858013	0.895858464012867	0.805201916495551	10	11	49	167	267	640	695	0.960431654676259	0.928882438316401	0.806264501160093	2	6	14	29	67	78	0.935483870967742	0.917808219178082	0.847826086956522
Literary Reviews	1.0991	-0.3923	1	253	32.0636	5	6	12	672	840	806	0.99261447562777	0.99290780141844	0.985330073349633	10	1	1	5	174	165	106	0.994285714285714	0.993975903614458	0.954954954954955	0	0	1	30	28	22	1	1	0.956521739130435
Literary Theory & Criticism	1.228	-0.442	1	253	29.0708	0	9	33	725	858	926	1	0.98961937716263	0.965589155370177	10	0	3	5	85	103	99	1	0.971698113207547	0.951923076923077	0	1	2	9	8	9	1	0.888888888888889	0.818181818181818
Literature	1.2599	-0.4455	1	253	24.9959	24	468	472	3586	3826	3918	0.993351800554017	0.891010712622264	0.89248291571754	10	5	14	31	515	557	428	0.990384615384615	0.975481611208406	0.932461873638344	0	2	0	58	56	60	1	0.96551724137931	1
Literature, African, Australian, Canadian	1.2593	-0.4531	1	253	20.6583	2	2	1	212	158	105	0.990654205607477	0.9875	0.990566037735849	10	0	0	0	28	24	7	1	1	1	0	0	0	3	3	1	1	1	1
Literature, American	1.2637	-0.4601	1	253	17.8604	0	3	2	561	845	838	1	0.996462264150943	0.997619047619048	10	0	0	0	68	90	83	1	1	1	0	0	0	7	10	7	1	1	1
Literature, British Isles	1.2911	-0.4614	1	253	17.8693	2	4	7	439	554	489	0.99546485260771	0.992831541218638	0.985887096774194	10	0	0	0	56	57	41	1	1	1	0	0	0	8	3	5	1	1	1
Literature, German, Dutch, Scandinavian	1.2227	-0.4343	1	253	16.5261	1	1	19	259	293	231	0.996153846153846	0.996598639455782	0.924	10	0	0	0	45	51	29	1	1	1	0	0	0	4	6	6	1	1	1
Literature, Romance	1.2386	-0.4386	1	253	17.0813	0	4	17	1335	1344	1370	1	0.997032640949555	0.987743330930065	10	0	0	1	208	187	112	1	1	0.991150442477876	0	0	0	23	24	10	1	1	1
Literature, Slavic	1.1879	-0.4293	1	253	17.9451	0	0	3	71	90	157	1	1	0.98125	10	0	0	0	28	17	24	1	1	1	0	0	0	5	2	6	1	1	1
Logic	-0.1799	-0.625	6	253	18.2206	20	61	125	435	553	623	0.956043956043956	0.900651465798046	0.832887700534759	10	1	4	15	47	54	62	0.979166666666667	0.931034482758621	0.805194805194805	1	0	1	7	6	8	0.875	1	0.888888888888889
Management	0.5321	-0.4477	1	253	31.8634	444	1725	4299	5777	9030	10987	0.928628837807426	0.839609483960948	0.718762266125867	10	43	216	649	858	1395	1366	0.952275249722531	0.865921787709497	0.677915632754342	2	21	76	103	173	165	0.980952380952381	0.891752577319588	0.684647302904564
Marine & Freshwater Biology	-0.4793	0.1637	4	253	35.0721	416	2234	5334	5661	7432	8615	0.9315451703143	0.768880612456032	0.617606996917342	10	47	326	836	691	930	912	0.936314363143632	0.740445859872612	0.521739130434783	10	32	73	72	107	91	0.878048780487805	0.769784172661871	0.554878048780488
Materials Science, Biomaterials	-0.6332	0.251	3	253	58.2956	199	2923	9491	1181	4269	5650	0.855797101449275	0.593576195773081	0.373158972326795	10	33	405	1194	167	563	682	0.835	0.581611570247934	0.363539445628998	1	54	144	22	54	79	0.956521739130435	0.5	0.354260089686099
Materials Science, Ceramics	-1.107	-0.2913	3	253	33.3033	1509	3167	8915	1545	1288	1593	0.505893909626719	0.289113355780022	0.151598781880472	10	85	342	1036	305	240	195	0.782051282051282	0.412371134020619	0.158407798537774	6	32	92	32	34	21	0.842105263157895	0.515151515151515	0.185840707964602
Materials Science, Characterization & Testing	-0.978	-0.3796	3	253	43.8883	341	1031	2983	1063	1089	1369	0.757122507122507	0.513679245283019	0.314568014705882	10	41	120	364	138	115	145	0.770949720670391	0.48936170212766	0.284872298624754	0	7	28	24	15	22	1	0.681818181818182	0.44
Materials Science, Coatings & Films	-1.1198	-0.2994	3	253	42.8869	1114	4426	10217	2861	2550	3102	0.719748427672956	0.365538990825688	0.232900367895488	10	94	510	1570	411	367	264	0.813861386138614	0.418472063854048	0.143947655398037	6	33	170	51	74	34	0.894736842105263	0.691588785046729	0.166666666666667
Materials Science, Composites	-1.0343	-0.3403	3	253	31.756	716	1484	5642	1392	1126	1867	0.66034155597723	0.431417624521073	0.248634971367692	10	43	134	785	184	135	223	0.81057268722467	0.50185873605948	0.221230158730159	8	14	84	17	10	26	0.68	0.416666666666667	0.236363636363636
Materials Science, Multidisciplinary	-1.0575	-0.2698	3	253	53.3053	12179	49371	142189	23833	42684	61987	0.661807175385983	0.46367932214437	0.303595917247865	10	845	5605	21061	3939	7246	9192	0.823369565217391	0.563847171426348	0.303837635936932	57	636	2434	514	957	1188	0.900175131348511	0.60075329566855	0.327995582551077
Materials Science, Paper & Wood	-0.8385	-0.0489	3	253	18.7455	52	607	2253	825	673	774	0.940706955530217	0.52578125	0.255698711595639	10	9	83	290	91	90	95	0.91	0.520231213872832	0.246753246753247	1	7	35	5	10	17	0.833333333333333	0.588235294117647	0.326923076923077
Materials Science, Textiles	-0.8884	-0.1092	3	253	22.8693	185	1010	3828	576	443	700	0.756898817345598	0.30488644184446	0.154593639575972	10	23	128	571	95	58	76	0.805084745762712	0.311827956989247	0.117465224111283	0	12	55	2	8	6	1	0.4	0.0983606557377049
Mathematical & Computational Biology	-0.2479	0.1632	7	253	80.8003	135	1557	4671	2695	7523	8002	0.952296819787986	0.82852422907489	0.631421131539493	10	14	139	554	308	838	899	0.956521739130435	0.857727737973388	0.618719889883001	1	10	71	30	94	85	0.967741935483871	0.903846153846154	0.544871794871795
Mathematics	-0.3879	-0.6485	6	253	11.5456	3767	12105	17954	11584	15426	17048	0.754608820272295	0.560313828048382	0.48705788240672	10	413	1317	2406	1701	2167	1775	0.804635761589404	0.621986222732491	0.424539583831619	33	143	401	192	246	174	0.853333333333333	0.632390745501285	0.302608695652174
Mathematics, Applied	-0.4448	-0.614	6	253	21.7715	4447	16680	23613	9148	12718	14347	0.672894446487679	0.43261446356895	0.377950474183351	10	380	1877	3572	1355	1674	1506	0.780979827089337	0.471416502393692	0.296573454115794	25	178	456	170	209	144	0.871794871794872	0.540051679586563	0.24
Mathematics, Interdisciplinary Applications	-0.3815	-0.4452	6	253	62.2335	705	4918	12360	3648	5265	6005	0.838042729152309	0.517038200923107	0.326980669752246	10	67	433	1428	542	745	688	0.889983579638752	0.632427843803056	0.325141776937618	9	25	159	68	113	79	0.883116883116883	0.818840579710145	0.331932773109244
Mechanics	-0.8575	-0.4489	3	253	37.1617	2735	7666	25052	7170	8698	11490	0.723876829883897	0.531532632608164	0.314432707569372	10	168	796	3247	1159	1159	1164	0.873398643556895	0.592838874680307	0.263885740194967	19	65	355	130	145	121	0.87248322147651	0.690476190476191	0.254201680672269
Medical Ethics	0.4411	0.3753	2	253	65.2293	6	17	30	240	794	1021	0.975609756097561	0.979038224414303	0.971455756422455	10	0	2	4	32	99	126	1	0.98019801980198	0.969230769230769	0	0	0	4	13	12	1	1	1
Medical Informatics	0.1813	0.2461	2	253	72.1956	68	296	1306	1567	2520	4797	0.958409785932722	0.894886363636364	0.78600688186138	10	3	35	213	194	308	477	0.984771573604061	0.897959183673469	0.691304347826087	0	2	25	20	32	56	1	0.941176470588235	0.691358024691358
Medical Laboratory Technology	-0.0139	0.7053	2	253	60.9193	159	719	2187	2562	2256	2297	0.941565600882029	0.758319327731092	0.512265834076717	10	25	88	207	274	369	351	0.916387959866221	0.807439824945296	0.629032258064516	6	12	19	38	43	40	0.863636363636364	0.781818181818182	0.677966101694915
Medicine, General & Internal	0.3215	0.6741	2	253	71.1587	1131	3999	15032	12812	14886	20769	0.918884027827584	0.788244638602065	0.580123460238541	10	29	205	1004	2485	3587	4789	0.988464598249801	0.945938818565401	0.826687381322286	1	31	121	277	449	705	0.996402877697842	0.935416666666667	0.853510895883777
Medicine, Legal	0.0747	0.3719	2	253	25.8144	55	188	511	957	1353	1627	0.945652173913043	0.878001297858534	0.760991580916745	10	3	18	76	116	138	216	0.974789915966386	0.884615384615385	0.73972602739726	0	2	7	13	18	31	1	0.9	0.81578947368421
Medicine, Research & Experimental	-0.0497	0.6187	2	253	87.6215	370	5991	39132	11136	16794	21263	0.967842864592387	0.737063857801185	0.35206556834175	10	25	369	3435	1829	2988	4006	0.986515641855448	0.890080428954424	0.538368498857681	0	23	202	207	364	623	1	0.940568475452196	0.755151515151515
Medieval & Renaissance Studies	1.1963	-0.4554	1	253	19.3391	0	1	6	417	655	650	1	0.998475609756098	0.990853658536585	10	0	0	0	101	72	66	1	1	1	0	0	0	11	11	11	1	1	1
Metallurgy & Metallurgical Engineering	-1.1029	-0.3538	3	253	30.6232	4958	15697	26630	4352	4299	5871	0.467454350161117	0.21499299859972	0.180640595673979	10	232	1338	3101	895	847	935	0.794143744454304	0.387643020594966	0.231665014866204	15	101	296	129	105	122	0.895833333333333	0.509708737864078	0.291866028708134
Meteorology & Atmospheric Sciences	-0.5812	-0.2088	4	253	19.3337	721	4225	10828	8097	11595	15056	0.918235427534588	0.732932996207333	0.581672075413383	10	88	444	1270	1118	1724	2041	0.927031509121061	0.79520295202952	0.616430081546361	11	39	112	134	203	268	0.924137931034483	0.838842975206612	0.705263157894737
Microbiology	-0.3427	0.5294	7	253	44.3051	448	5049	11724	12777	17155	20335	0.966124763705104	0.772608539001982	0.634299260738014	10	36	311	1159	1782	2775	3198	0.98019801980198	0.899222294232016	0.733991278402571	1	38	119	205	342	371	0.995145631067961	0.9	0.757142857142857
Microscopy	-0.6893	0.0759	3	253	63.3953	78	295	472	878	695	490	0.918410041841004	0.702020202020202	0.509355509355509	10	1	15	45	125	98	64	0.992063492063492	0.867256637168142	0.587155963302752	0	1	5	11	10	5	1	0.909090909090909	0.5
Mineralogy	-0.8071	-0.2003	4	253	27.7045	157	838	3527	1152	1369	1852	0.880061115355233	0.620299048482102	0.344301914854062	10	37	222	509	157	162	191	0.809278350515464	0.421875	0.272857142857143	6	18	52	18	21	13	0.75	0.538461538461538	0.2
Mining & Mineral Processing	-0.847	-0.2864	4	253	33.7085	339	777	3910	668	544	1215	0.663356504468719	0.411809235427706	0.237073170731707	10	35	127	581	80	84	144	0.695652173913044	0.398104265402844	0.198620689655172	5	18	66	18	13	15	0.782608695652174	0.419354838709677	0.185185185185185
Multidisciplinary Sciences	-0.298	0.24	7	253	100.9392	2311	10638	36305	14010	34515	60481	0.858403284112493	0.764401036475982	0.62489409625359	10	37	743	4382	2160	5617	10452	0.983158852981338	0.883176100628931	0.7045975461777	8	85	572	225	650	1323	0.965665236051502	0.884353741496599	0.698153034300792
Music	0.9257	-0.2803	1	253	9.4643	9	29	51	984	1196	1319	0.990936555891239	0.976326530612245	0.962773722627737	10	1	4	3	316	190	174	0.996845425867508	0.979381443298969	0.983050847457627	0	0	0	28	12	19	1	1	1
Mycology	-0.436	0.4721	4	253	29.2936	168	678	1145	886	1441	1095	0.840607210626186	0.680037753657386	0.488839285714286	10	15	79	150	138	223	148	0.901960784313725	0.73841059602649	0.496644295302014	1	16	30	13	24	22	0.928571428571429	0.6	0.423076923076923
Nanoscience & Nanotechnology	-0.9702	-0.1677	3	253	62.7166	1042	15768	53967	4085	18771	27878	0.796762239126195	0.543472596195605	0.340619463620258	10	112	2019	8304	611	2948	3421	0.84508990318119	0.593517213609825	0.291769722814499	9	245	948	72	332	380	0.888888888888889	0.575389948006932	0.286144578313253
Neuroimaging	0.2313	0.44	5	253	45.8769	43	346	1024	1359	3111	4221	0.969329529243937	0.899913219554527	0.804766444232602	10	3	47	103	195	379	525	0.984848484848485	0.889671361502347	0.835987261146497	0	2	7	21	46	56	1	0.958333333333333	0.888888888888889
Neurosciences	0.1258	0.412	5	253	51.4681	1009	7715	17704	30863	40779	45085	0.968342118473896	0.840908153586011	0.718039784038606	10	54	451	1734	4394	5905	6284	0.987859712230216	0.929043423536816	0.7837365926665	2	33	144	494	684	772	0.995967741935484	0.95397489539749	0.842794759825327
Nuclear Science & Technology	-0.8851	-0.2981	3	253	21.7334	822	2111	5444	4845	4542	5084	0.854949708840656	0.682699534044792	0.48290273556231	10	80	258	653	695	609	659	0.896774193548387	0.70242214532872	0.502286585365854	8	16	74	93	96	72	0.920792079207921	0.857142857142857	0.493150684931507
Nursing	0.5467	0.4796	2	253	34.1428	108	435	1189	3312	8669	12062	0.968421052631579	0.952218804920914	0.910270922949211	10	12	61	205	275	792	1020	0.958188153310105	0.928487690504103	0.83265306122449	0	6	31	30	89	104	1	0.936842105263158	0.77037037037037
Nutrition & Dietetics	0.0637	0.5444	2	253	47.4353	185	1797	5894	5412	7991	10512	0.966946578524209	0.81640784634246	0.640741192246739	10	30	222	1071	722	1051	1020	0.960106382978723	0.82560879811469	0.487804878048781	2	9	110	93	132	123	0.978947368421053	0.936170212765957	0.527896995708155
Obstetrics & Gynecology	0.2458	0.6922	2	253	33.2476	329	1607	3225	6878	10440	11765	0.954349937560705	0.866605793973603	0.784856571047365	10	21	124	317	883	1496	1508	0.976769911504425	0.923456790123457	0.826301369863014	2	10	21	88	193	175	0.977777777777778	0.950738916256158	0.892857142857143
Oceanography	-0.5719	-0.0816	4	253	29.2208	163	1689	5458	4116	5130	5838	0.961906987613929	0.75230972283326	0.516820113314448	10	20	136	558	619	845	815	0.968701095461659	0.861365953109072	0.593590677348871	3	15	51	79	98	90	0.963414634146341	0.867256637168142	0.638297872340426
Oncology	-0.0483	0.7262	2	253	44.189	987	10946	48032	21720	34038	44336	0.956533227639054	0.756669037880135	0.479993071193487	10	118	818	4210	3264	5261	7054	0.965109402720284	0.865438394472775	0.626242897727273	8	55	281	392	611	1000	0.98	0.917417417417417	0.78064012490242
Operations Research & Management Science	-0.0425	-0.5521	6	253	36.1942	765	4195	7304	3991	5523	6806	0.839150546677881	0.568326816217329	0.482352941176471	10	88	449	956	540	706	741	0.859872611464968	0.611255411255411	0.436652916912198	3	55	109	73	81	79	0.960526315789474	0.595588235294118	0.420212765957447
Ophthalmology	0.0963	0.5461	2	253	13.1558	222	2068	3389	6904	8779	8801	0.968846477687342	0.809348206877478	0.721985233798195	10	28	171	334	975	1297	1336	0.972083748753739	0.883514986376022	0.8	3	14	42	118	165	177	0.975206611570248	0.921787709497207	0.808219178082192
Optics	-0.9014	-0.3907	3	253	31.5298	2926	17113	33807	9281	13892	14063	0.760301466371754	0.448056765037897	0.293774806768331	10	173	1361	3539	1402	2303	2155	0.89015873015873	0.628548034934498	0.37846856340007	8	119	381	179	289	313	0.957219251336898	0.708333333333333	0.451008645533141
Ornithology	-0.3684	0.1664	4	253	18.8616	21	81	170	1081	1240	1247	0.980943738656987	0.938682816048448	0.880028228652082	10	0	13	23	133	135	133	1	0.912162162162162	0.852564102564103	0	1	3	18	19	14	1	0.95	0.823529411764706
Orthopedics	0.2704	0.7472	2	253	23.4738	146	1517	3602	6720	10697	15704	0.978735799592193	0.875798264286884	0.813425877965399	10	6	104	300	898	1489	2144	0.993362831858407	0.934714375392342	0.877250409165303	0	3	25	88	165	252	1	0.982142857142857	0.909747292418773
Otorhinolaryngology	0.2159	0.6471	2	253	25.3599	160	697	1218	4241	5241	6973	0.963644626221313	0.882620410912765	0.851300207544866	10	15	47	99	679	840	960	0.978386167146974	0.947012401352875	0.906515580736544	2	3	5	76	109	116	0.974358974358974	0.973214285714286	0.958677685950413
Paleontology	-0.4743	-0.017	4	253	25.4	156	484	1417	1117	1888	2152	0.87745483110762	0.795952782462057	0.602970019613337	10	23	93	215	183	252	280	0.888349514563107	0.730434782608696	0.565656565656566	4	11	16	20	31	35	0.833333333333333	0.738095238095238	0.686274509803922
Parasitology	-0.1934	0.499	7	253	35.836	152	904	1846	1737	3981	4973	0.919534145050291	0.814943705220061	0.729285819035049	10	14	69	215	226	851	967	0.941666666666667	0.925	0.818104906937394	2	6	20	26	108	135	0.928571428571429	0.947368421052632	0.870967741935484
Pathology	-0.0318	0.728	2	253	53.3532	241	1529	5233	6510	8069	7442	0.964301584950378	0.840695978328819	0.587140039447732	10	23	146	380	1062	1299	1176	0.978801843317972	0.898961937716263	0.755784061696658	0	10	19	130	174	150	1	0.945652173913043	0.887573964497041
Pediatrics	0.3358	0.6579	2	253	47.3283	278	1230	2102	10682	16923	22454	0.97463503649635	0.932242604528177	0.914399739371233	10	22	68	169	1678	2555	3102	0.987058823529412	0.974075486084636	0.94833384286151	1	8	18	204	286	371	0.995121951219512	0.972789115646258	0.953727506426735
Peripheral Vascular Disease	0.1684	0.7464	2	253	48.3785	239	1612	3578	9826	11344	10634	0.97625434674615	0.875578882371102	0.748240923163524	10	13	146	337	1350	1575	1642	0.99046221570066	0.915165601394538	0.829711975745326	3	7	19	135	167	204	0.978260869565217	0.959770114942529	0.914798206278027
Pharmacology & Pharmacy	-0.1466	0.5804	2	253	64.6608	1958	12518	33068	21696	28854	30356	0.917223302612666	0.697428212317509	0.478620080726539	10	142	1258	4015	2837	3960	3549	0.952332997650218	0.758911460329628	0.469196192490746	9	91	328	324	481	443	0.972972972972973	0.840909090909091	0.574578469520104
Philosophy	0.9119	-0.3693	1	253	14.3939	38	285	690	3355	4938	5500	0.988800471559092	0.945433658816772	0.888529886914378	10	6	5	37	528	772	636	0.98876404494382	0.993564993564994	0.945022288261516	0	0	6	58	85	98	1	1	0.942307692307692
Physics, Applied	-1.0265	-0.3585	3	253	44.2643	7335	31669	76303	25525	34708	34512	0.776780279975654	0.522891965590491	0.311437982222623	10	600	3343	11889	3961	6017	5403	0.868449901337426	0.64284188034188	0.312456627342124	57	383	1476	500	811	652	0.897666068222621	0.679229480737018	0.306390977443609
Physics, Atomic, Molecular & Chemical	-1.0151	-0.1848	3	253	43.3752	2155	6240	10788	10786	12475	11749	0.833475001931845	0.666577611541544	0.521320495185695	10	159	615	1189	1480	1814	1398	0.902989627821843	0.746809386578839	0.540394279087746	14	66	126	153	220	128	0.916167664670659	0.769230769230769	0.503937007874016
Physics, Condensed Matter	-1.0545	-0.324	3	253	43.706	4840	15922	32970	14643	16463	16452	0.751578299029924	0.508352632391539	0.332888187446886	10	389	1665	5785	2504	3443	2813	0.865537504320774	0.674040720438528	0.327169109095138	38	215	712	324	443	309	0.895027624309392	0.673252279635258	0.302644466209598
Physics, Fluids & Plasmas	-0.915	-0.3968	3	253	30.1017	661	3341	6248	5711	7004	7740	0.896264908976773	0.677042049299178	0.553331426937375	10	55	330	757	757	951	1050	0.932266009852217	0.742388758782202	0.581073602656336	6	32	81	79	102	104	0.929411764705882	0.761194029850746	0.562162162162162
Physics, Mathematical	-0.7453	-0.4532	3	253	35.4241	1454	4560	7258	5363	6614	6750	0.786709696347367	0.591909790585287	0.481867504283267	10	129	461	873	859	983	864	0.869433198380567	0.680747922437673	0.497409326424871	8	57	106	103	106	83	0.927927927927928	0.650306748466258	0.439153439153439
Physics, Multidisciplinary	-0.911	-0.3629	3	253	39.8773	6124	18281	19003	9408	11668	11021	0.605717228946691	0.389595645931417	0.367073008260059	10	237	860	1538	2170	2860	2433	0.901537183215621	0.768817204301075	0.61269201712415	20	88	176	250	359	358	0.925925925925926	0.803131991051454	0.670411985018727
Physics, Nuclear	-0.9956	-0.4564	3	253	15.747	1638	3010	3887	6060	4918	4461	0.787217459080281	0.620332996972755	0.534379492093915	10	128	368	482	928	876	761	0.878787878787879	0.704180064308682	0.612228479485117	13	44	62	114	116	93	0.897637795275591	0.725	0.6
Physics, Particles & Fields	-0.9765	-0.4797	3	253	12.5026	1722	3931	6230	8647	9476	10230	0.833928054778667	0.706794957857835	0.621506682867558	10	77	375	691	1385	1499	1771	0.947332421340629	0.799893276414088	0.719333874898457	6	47	81	166	205	214	0.965116279069768	0.813492063492063	0.725423728813559
Physiology	-0.0561	0.524	2	253	66.5245	265	2019	7574	12438	12101	10710	0.979138786113517	0.857011331444759	0.585758039816233	10	12	158	1304	1632	1524	1131	0.992700729927007	0.906064209274673	0.464476386036961	1	9	158	162	177	138	0.993865030674847	0.951612903225806	0.466216216216216
Plant Sciences	-0.5397	0.3556	4	253	33.9261	2196	9103	19568	10040	11796	14603	0.820529584831644	0.564428920044021	0.427350677475052	10	116	1099	2845	1498	1734	2115	0.928128872366791	0.612072008471585	0.426411290322581	9	106	301	161	207	276	0.947058823529412	0.661341853035144	0.478336221837088
Poetry	1.3093	-0.4714	1	253	14.0021	1	1	0	267	229	210	0.996268656716418	0.995652173913044	1	10	0	0	0	44	36	33	1	1	1	0	0	0	5	3	2	1	1	1
Political Science	0.9663	-0.431	1	253	24.64	49	146	429	4909	7052	8484	0.990116982654296	0.979716587941095	0.951868057892965	10	5	14	43	798	1024	1016	0.993773349937733	0.986512524084778	0.959395656279509	1	3	2	84	132	131	0.988235294117647	0.977777777777778	0.984962406015038
Polymer Science	-1.0469	-0.0949	3	253	25.6412	3560	12702	21960	6261	7204	7991	0.637511455045311	0.361900934391641	0.266802443991853	10	278	1201	2702	1105	1251	947	0.798987707881417	0.510195758564437	0.259523157029323	20	102	323	158	128	132	0.887640449438202	0.556521739130435	0.29010989010989
Primary Health Care	0.4608	0.6424	2	253	55.0601	5	28	74	1229	1470	1612	0.995948136142626	0.981308411214953	0.956109134045077	10	1	4	9	153	206	205	0.993506493506494	0.980952380952381	0.957943925233645	0	0	0	17	23	26	1	1	1
Psychiatry	0.5999	0.381	5	253	40.9447	175	1218	4222	12418	19040	24615	0.986103390772652	0.939875604699378	0.85359087283698	10	11	146	579	1828	2723	3289	0.994018488308864	0.949111188567445	0.850310237849018	1	12	59	209	328	383	0.995238095238095	0.964705882352941	0.866515837104073
Psychology	0.4997	0.2579	5	253	57.81	94	421	1115	5881	7783	8868	0.984267782426778	0.948683568990736	0.888310127216268	10	5	36	86	709	1072	1122	0.992997198879552	0.967509025270758	0.928807947019868	0	1	14	77	132	128	1	0.992481203007519	0.901408450704225
Psychology, Applied	0.6975	-0.1036	5	253	35.3279	105	302	764	3704	5024	5523	0.972433709635075	0.943297033420954	0.878479401940512	10	17	52	123	447	626	634	0.963362068965517	0.92330383480826	0.837516512549538	2	5	19	47	71	72	0.959183673469388	0.93421052631579	0.791208791208791
Psychology, Biological	0.2629	0.2542	5	253	55.6342	11	136	296	1414	2032	2312	0.992280701754386	0.937269372693727	0.886503067484663	10	1	13	25	154	241	293	0.993548387096774	0.948818897637795	0.921383647798742	0	0	2	19	25	37	1	1	0.948717948717949
Psychology, Clinical	0.7434	0.2568	5	253	36.9894	67	226	641	7636	10647	13752	0.991302090094768	0.97921456819645	0.955464461891197	10	5	21	80	852	1297	1561	0.99416569428238	0.984066767830046	0.951249238269348	0	1	12	91	147	172	1	0.993243243243243	0.934782608695652
Psychology, Developmental	0.7246	0.1716	5	253	34.5252	86	223	685	4324	7551	10377	0.980498866213152	0.971314638538719	0.938076297233773	10	6	14	70	468	866	1158	0.987341772151899	0.984090909090909	0.94299674267101	0	2	7	49	99	119	1	0.98019801980198	0.944444444444444
Psychology, Educational	0.8268	-0.0079	5	253	27.6503	43	203	433	2275	2949	4025	0.981449525452977	0.935596446700508	0.902871242709735	10	4	16	44	286	357	477	0.986206896551724	0.957104557640751	0.915547024952015	1	1	4	27	44	52	0.964285714285714	0.977777777777778	0.928571428571429
Psychology, Experimental	0.517	0.0955	5	253	39.3956	84	506	1428	5067	8098	9736	0.983692486895748	0.941190144119014	0.872088857040487	10	4	45	180	608	1017	1105	0.993464052287582	0.957627118644068	0.859922178988327	0	9	24	71	121	116	1	0.930769230769231	0.828571428571429
Psychology, Mathematical	0.4725	-0.0594	5	253	37.005	22	47	111	755	970	1148	0.971685971685972	0.953785644051131	0.911834789515489	10	0	2	8	78	90	111	1	0.978260869565217	0.932773109243698	0	0	0	9	10	13	1	1	1
Psychology, Multidisciplinary	0.6674	0.0756	5	253	52.9341	133	444	2310	5853	8361	11008	0.977781490143668	0.949574105621806	0.82655053311308	10	7	43	234	838	1253	1419	0.991715976331361	0.966820987654321	0.858439201451906	1	5	22	97	138	170	0.989795918367347	0.965034965034965	0.885416666666667
Psychology, Psychoanalysis	0.8254	0.1688	5	253	8.8739	2	1	3	869	640	709	0.997703788748565	0.998439937597504	0.995786516853933	10	0	0	0	115	101	67	1	1	1	0	0	0	12	10	9	1	1	1
Psychology, Social	0.8131	-0.0261	5	253	27.8569	107	385	909	3904	5624	6068	0.973323360757916	0.935929439174572	0.869714777124839	10	10	18	65	479	716	701	0.979550102249489	0.975476839237057	0.915143603133159	0	1	3	53	80	84	1	0.987654320987654	0.96551724137931
Public Administration	0.7771	-0.3888	1	253	31.9098	24	164	324	1052	1684	1804	0.977695167286245	0.911255411255411	0.847744360902256	10	3	16	26	143	237	184	0.979452054794521	0.936758893280632	0.876190476190476	0	2	3	12	24	24	1	0.923076923076923	0.888888888888889
Public, Environmental & Occupational Health	0.4003	0.4116	2	253	58.8996	546	2604	7805	15460	29959	41917	0.965887792077971	0.920031938089242	0.843027231406621	10	50	276	1175	2087	4109	5479	0.976602714085166	0.937058152793615	0.8234144875263	1	26	101	218	464	647	0.995433789954338	0.946938775510204	0.864973262032086
Quantum Science & Technology	-0.9312	-0.4083	3	253	42.7471	159	723	1636	1070	1087	1177	0.870626525630594	0.600552486187845	0.418414504088162	10	5	47	175	177	180	220	0.972527472527472	0.79295154185022	0.556962025316456	0	2	14	23	25	32	1	0.925925925925926	0.695652173913044
Radiology, Nuclear Medicine & Medical Imaging	0.0081	0.5417	2	253	27.6248	483	3404	8143	12468	19649	22423	0.962705582580496	0.852340259402247	0.733592880978866	10	33	269	806	1852	2726	2973	0.982493368700265	0.910183639398998	0.786716062450384	2	25	96	213	336	346	0.990697674418605	0.930747922437673	0.782805429864253
Regional & Urban Planning	0.512	-0.3882	1	253	46.4466	49	277	1051	847	1263	1912	0.9453125	0.82012987012987	0.645291933850827	10	4	50	178	107	140	159	0.963963963963964	0.736842105263158	0.471810089020772	0	6	20	11	14	17	1	0.7	0.45945945945946
Rehabilitation	0.5151	0.4309	5	253	42.4019	139	414	968	5283	7980	9713	0.974363703430468	0.950679056468906	0.909371781668383	10	15	38	150	534	1024	1033	0.972677595628415	0.964218455743879	0.873203719357566	0	8	25	52	124	118	1	0.939393939393939	0.825174825174825
Religion	1.0526	-0.341	1	253	14.1323	8	122	282	2121	3380	4480	0.996242367308596	0.96516276413478	0.940781184376313	10	0	9	37	377	532	527	1	0.983364140480592	0.934397163120567	0	1	2	45	71	61	1	0.986111111111111	0.968253968253968
Remote Sensing	-0.5729	-0.3223	4	253	35.8351	152	1419	8969	1434	2527	4762	0.904161412358134	0.640395337050177	0.346806496249363	10	10	132	931	198	338	598	0.951923076923077	0.719148936170213	0.391105297580118	1	7	100	23	40	79	0.958333333333333	0.851063829787234	0.441340782122905
Reproductive Biology	-0.099	0.6252	2	253	40.2509	227	1017	2074	3185	3681	3208	0.933470105509965	0.783524904214559	0.60734570238546	10	19	65	235	372	509	455	0.951406649616368	0.886759581881533	0.659420289855073	1	7	15	37	61	49	0.973684210526316	0.897058823529412	0.765625
Respiratory System	0.2004	0.7393	2	253	44.1399	179	1185	3732	7029	8963	10752	0.975166481687014	0.883228222309815	0.742336371168186	10	19	81	300	851	1210	1565	0.97816091954023	0.93725793958172	0.839142091152815	3	3	34	99	149	203	0.970588235294118	0.980263157894737	0.856540084388186
Rheumatology	0.1947	0.6995	2	253	23.8165	46	674	1471	2134	3551	3896	0.978899082568807	0.840473372781065	0.725917644866779	10	5	54	118	292	595	669	0.983164983164983	0.916795069337442	0.850063532401525	1	8	16	30	86	94	0.967741935483871	0.914893617021277	0.854545454545455
Robotics	-0.4963	-0.4888	6	253	29.0328	136	693	2186	705	1025	1894	0.838287752675386	0.59662398137369	0.46421568627451	10	13	37	164	134	193	269	0.91156462585034	0.839130434782609	0.621247113163972	1	0	15	16	25	39	0.941176470588235	1	0.722222222222222
Social Issues	0.749	-0.0914	1	253	65.7133	20	58	140	1482	1719	1958	0.986684420772304	0.967360720315138	0.933269780743565	10	3	4	21	179	205	245	0.983516483516483	0.980861244019139	0.921052631578947	0	0	1	27	27	25	1	1	0.961538461538461
Social Sciences, Biomedical	0.5658	0.2895	2	253	68.4677	48	202	364	1772	3786	5097	0.973626373626374	0.949348044132397	0.933345541109687	10	1	16	46	207	483	652	0.995192307692308	0.967935871743487	0.934097421203438	0	1	5	26	44	70	1	0.977777777777778	0.933333333333333
Social Sciences, Interdisciplinary	0.7467	-0.1549	1	253	68.4288	54	315	1045	3111	4945	6177	0.982938388625593	0.940114068441065	0.855303240099696	10	7	42	194	364	597	755	0.981132075471698	0.934272300469484	0.795574288724974	0	2	26	36	73	69	1	0.973333333333333	0.726315789473684
Social Sciences, Mathematical Methods	0.4963	-0.4426	1	253	38.3573	73	296	765	1589	2697	2886	0.956077015643803	0.901102572669562	0.790468364831553	10	7	33	81	239	382	391	0.971544715447154	0.920481927710843	0.828389830508475	1	1	5	24	50	52	0.96	0.980392156862745	0.912280701754386
Social Work	0.8094	0.0888	5	253	34.5248	61	140	412	1993	3090	4167	0.970301850048686	0.956656346749226	0.910024022712383	10	3	5	53	248	350	418	0.98804780876494	0.985915492957746	0.887473460721868	0	1	10	27	35	49	1	0.972222222222222	0.830508474576271
Sociology	0.9223	-0.2897	1	253	36.6994	74	252	531	4253	5744	7132	0.982898081811879	0.957971981320881	0.930705989821219	10	7	29	78	605	769	803	0.988562091503268	0.963659147869674	0.911464245175936	0	1	4	66	96	86	1	0.989690721649485	0.955555555555556
Soil Science	-0.5845	0.0837	4	253	22.3176	258	1782	4372	2223	2315	2831	0.896009673518742	0.565047595801806	0.393030681660419	10	28	275	647	335	291	327	0.922865013774105	0.514134275618375	0.335728952772074	6	18	69	46	34	46	0.884615384615385	0.653846153846154	0.4
Spectroscopy	-0.8996	-0.0262	3	253	49.2105	1451	4688	6257	3479	3665	3417	0.705679513184584	0.438764515742847	0.353214802563572	10	26	262	605	502	575	428	0.950757575757576	0.686977299880526	0.41432720232333	1	20	50	61	77	51	0.983870967741936	0.793814432989691	0.504950495049505
Sport Sciences	0.3551	0.5292	2	253	26.5399	93	545	946	6835	9120	12011	0.986576212471132	0.943610967408174	0.926989272208073	10	2	47	93	762	1050	1346	0.99738219895288	0.957155879671832	0.935371785962474	0	4	8	81	113	172	1	0.965811965811966	0.955555555555556
Statistics & Probability	-0.0541	-0.357	6	253	20.4815	744	2521	4935	5773	9109	10566	0.885837041583551	0.78323301805675	0.681633443003677	10	60	229	564	752	1209	1277	0.926108374384236	0.840751043115438	0.693644758283542	5	12	81	85	145	137	0.944444444444444	0.923566878980892	0.628440366972477
Substance Abuse	0.5548	0.3692	5	253	43.3564	22	209	338	3351	5522	7467	0.993477616365253	0.963531669865643	0.956694426649584	10	0	13	31	406	607	852	1	0.979032258064516	0.964892412231031	0	1	2	51	55	94	1	0.982142857142857	0.979166666666667
Surgery	0.2252	0.8133	2	253	34.2473	856	5501	10340	22884	32979	41409	0.963942712721146	0.85704261954262	0.800189375640109	10	79	396	806	3488	4902	5851	0.977852537146061	0.925254813137033	0.878924440438636	9	28	74	389	603	670	0.977386934673367	0.955625990491284	0.900537634408602
Telecommunications	-0.6003	-0.6425	6	253	29.618	532	6335	36393	4829	7210	11461	0.900764782689797	0.532299741602067	0.239499310402474	10	56	695	4069	912	1089	1762	0.942148760330578	0.61042600896861	0.302178014062768	4	48	431	109	144	227	0.964601769911504	0.75	0.344984802431611
Theater	1.1788	-0.4079	1	253	13.4356	1	7	22	535	594	576	0.998134328358209	0.988352745424293	0.963210702341137	10	0	2	4	103	71	53	1	0.972602739726027	0.929824561403509	0	0	0	16	8	5	1	1	1
Thermodynamics	-0.9327	-0.3601	3	253	39.7939	921	4278	17906	3334	3946	5851	0.783548766157462	0.479815175097276	0.246285305383676	10	93	460	2047	486	481	525	0.839378238341969	0.511158342189161	0.204121306376361	13	34	200	57	53	60	0.814285714285714	0.609195402298851	0.230769230769231
Toxicology	-0.2351	0.4337	7	253	65.004	432	3275	7626	8642	9227	8656	0.952391448093454	0.738041913293873	0.531630020881956	10	31	360	1056	1023	1209	939	0.970588235294118	0.77055449330784	0.470676691729323	2	25	81	119	164	101	0.983471074380165	0.867724867724868	0.554945054945055
Transplantation	0.1238	0.7971	2	253	46.8761	165	909	1035	4162	4913	5156	0.961867344580541	0.84386808656819	0.832821838152156	10	5	75	101	628	701	733	0.992101105845182	0.903350515463918	0.878896882494005	0	5	6	72	86	86	1	0.945054945054945	0.934782608695652
Transportation	0.24	-0.3612	1	253	37.3788	72	460	2194	826	3589	4808	0.919821826280624	0.88639170165473	0.686660954013139	10	19	71	424	82	267	409	0.811881188118812	0.789940828402367	0.490996398559424	2	5	43	12	29	47	0.857142857142857	0.852941176470588	0.522222222222222
Transportation Science & Technology	-0.2846	-0.5303	6	253	38.1444	167	1062	5463	2540	3898	5467	0.938308090136683	0.785887096774194	0.500182982616651	10	33	157	802	254	323	528	0.885017421602787	0.672916666666667	0.396992481203008	4	15	97	31	38	62	0.885714285714286	0.716981132075472	0.389937106918239
Tropical Medicine	0.0797	0.5087	2	253	54.9423	79	430	1076	677	2119	3381	0.895502645502645	0.831306394664574	0.75858200583352	10	11	38	104	126	396	528	0.91970802919708	0.912442396313364	0.835443037974684	0	2	13	13	50	52	1	0.961538461538461	0.8
Urban Studies	0.6371	-0.3887	1	253	38.17	56	292	1210	1670	2146	3010	0.967555040556199	0.880229696472519	0.713270142180095	10	9	63	221	160	185	220	0.946745562130177	0.745967741935484	0.498866213151927	1	9	22	12	23	28	0.923076923076923	0.71875	0.56
Urology & Nephrology	0.1496	0.8025	2	253	24.9876	252	1698	3158	7857	11267	11776	0.968923418423973	0.869032009255688	0.788536226061337	10	25	154	307	1200	1704	1768	0.979591836734694	0.917115177610334	0.852048192771084	0	19	32	153	198	206	1	0.912442396313364	0.865546218487395
Veterinary Sciences	-0.2168	0.5727	7	253	20.1993	131	2345	4761	8943	9838	10714	0.985563147454265	0.80751867356152	0.692342487883683	10	24	308	1045	1260	1288	1049	0.981308411214953	0.807017543859649	0.500955109837631	3	32	119	116	134	112	0.974789915966386	0.807228915662651	0.484848484848485
Virology	-0.2411	0.5434	7	253	40.5402	218	2350	3685	6037	8449	7463	0.965147881694644	0.782387258079452	0.669447434517402	10	35	149	297	772	1252	1059	0.956629491945477	0.893647394718059	0.780973451327434	7	12	24	81	141	138	0.920454545454545	0.92156862745098	0.851851851851852
Water Resources	-0.5821	-0.1577	4	253	40.512	673	4457	12928	4687	7084	10322	0.874440298507463	0.613811628108483	0.443956989247312	10	68	526	1672	584	919	1309	0.895705521472393	0.63598615916955	0.439114391143911	6	56	265	60	93	133	0.909090909090909	0.624161073825503	0.334170854271357
Women's Studies	0.9013	-0.1057	1	253	50.695	24	66	121	1662	2435	2680	0.98576512455516	0.973610555777689	0.956801142449125	10	1	4	10	197	304	306	0.994949494949495	0.987012987012987	0.968354430379747	0	0	2	23	33	30	1	1	0.9375
Zoology	-0.3216	0.2823	4	253	34.0587	324	2361	4217	8032	10294	10192	0.961225466730493	0.813433425523509	0.707335692969672	10	21	163	448	1116	1413	1382	0.981530343007915	0.896573604060914	0.755191256830601	1	12	45	125	159	164	0.992063492063492	0.929824561403509	0.784688995215311
